  0   113
  1   145
  2   1
  3   10
  4   1
  5   0
  6   62
  7   1
  8   250
  9   1
 10   1
 11   62
 12   1
 13   200
 14   1
 15   2
 16   62
 17   1
 18   150
 19   1
 20   3
 21   62
 22   1
 23   0
 24   1
 25   4
 26   62
 27   1
 28   100
 29   1
 30   5
 31   62
 32   1
 33   1
 34   1
 35   6
 36   62
 37   1
 38   0
 39   61
 40   1
 41   4
 42   61
 43   72
 44   1
 45   4
 46   61
 47   1
 48   6
 49   61
 50   6
 51   1
 52   4
 53   62
 54   1
 55   1
 56   61
 57   1
 58   4
 59   61
 60   72
 61   1
 62   4
 63   61
 64   1
 65   6
 66   61
 67   6
 68   1
 69   4
 70   62
 71   1
 72   2
 73   61
 74   1
 75   4
 76   61
 77   72
 78   1
 79   4
 80   61
 81   1
 82   6
 83   61
 84   6
 85   1
 86   4
 87   62
 88   1
 89   3
 90   61
 91   1
 92   4
 93   61
 94   72
 95   1
 96   4
 97   61
 98   1
 99   6
100   61
101   6
102   1
103   4
104   62
105   1
106   4
107   61
108   1
109   5
110   61
111   47
112   37
113   1
114   5
115   1
116   5
117   75
118   7562610
119   -1
120   0
121   0
122   0
123   0
124   0
125   0
126   0
127   0
128   0
129   0
130   0
131   0
132   0
133   0
134   0
135   0
136   0
137   0
138   0
139   0
140   0
141   0
142   0
143   0
144   0
